1000000000000000
0100000000000000
0010000000000000
0001000000000000
0000100000000000
0000010000000000
0000001000000000
0000000100000000
0000000010000000
0000000001000000
0000000000100000
0000000000010000
0000000000001000
0000000000000100
0000000000000010
0000000000000001
1000000000111011
0100000000111011
0010000000111011
0001000000111011
0000100000111011
0000010000111011
0000001000111011
0000000100111011
0000000010111011
0000000001111011
0000000000011011
0000000000101011
0000000000110011
0000000000111111
0000000000111001
0000000000111010
1000000011101100
0100000011101100
0010000011101100
0001000011101100
0000100011101100
0000010011101100
0000001011101100
0000000111101100
0000000001101100
0000000010101100
0000000011001100
0000000011111100
0000000011100100
0000000011101000
0000000011101110
0000000011101101
1000000011010111
0100000011010111
0010000011010111
0001000011010111
0000100011010111
0000010011010111
0000001011010111
0000000111010111
0000000001010111
0000000010010111
0000000011110111
0000000011000111
0000000011011111
0000000011010011
0000000011010101
0000000011010110
1000001110110000
0100001110110000
0010001110110000
0001001110110000
0000101110110000
0000011110110000
0000000110110000
0000001010110000
0000001100110000
0000001111110000
0000001110010000
0000001110100000
0000001110111000
0000001110110100
0000001110110010
0000001110110001
1000001110001011
0100001110001011
0010001110001011
0001001110001011
0000101110001011
0000011110001011
0000000110001011
0000001010001011
0000001100001011
0000001111001011
0000001110101011
0000001110011011
0000001110000011
0000001110001111
0000001110001001
0000001110001010
1000001101011100
0100001101011100
0010001101011100
0001001101011100
0000101101011100
0000011101011100
0000000101011100
0000001001011100
0000001111011100
0000001100011100
0000001101111100
0000001101001100
0000001101010100
0000001101011000
0000001101011110
0000001101011101
1000001101100111
0100001101100111
0010001101100111
0001001101100111
0000101101100111
0000011101100111
0000000101100111
0000001001100111
0000001111100111
0000001100100111
0000001101000111
0000001101110111
0000001101101111
0000001101100011
0000001101100101
0000001101100110
1000111011000000
0100111011000000
0010111011000000
0001111011000000
0000011011000000
0000101011000000
0000110011000000
0000111111000000
0000111001000000
0000111010000000
0000111011100000
0000111011010000
0000111011001000
0000111011000100
0000111011000010
0000111011000001
1000111011111011
0100111011111011
0010111011111011
0001111011111011
0000011011111011
0000101011111011
0000110011111011
0000111111111011
0000111001111011
0000111010111011
0000111011011011
0000111011101011
0000111011110011
0000111011111111
0000111011111001
0000111011111010
1000111000101100
0100111000101100
0010111000101100
0001111000101100
0000011000101100
0000101000101100
0000110000101100
0000111100101100
0000111010101100
0000111001101100
0000111000001100
0000111000111100
0000111000100100
0000111000101000
0000111000101110
0000111000101101
1000111000010111
0100111000010111
0010111000010111
0001111000010111
0000011000010111
0000101000010111
0000110000010111
0000111100010111
0000111010010111
0000111001010111
0000111000110111
0000111000000111
0000111000011111
0000111000010011
0000111000010101
0000111000010110
1000110101110000
0100110101110000
0010110101110000
0001110101110000
0000010101110000
0000100101110000
0000111101110000
0000110001110000
0000110111110000
0000110100110000
0000110101010000
0000110101100000
0000110101111000
0000110101110100
0000110101110010
0000110101110001
1000110101001011
0100110101001011
0010110101001011
0001110101001011
0000010101001011
0000100101001011
0000111101001011
0000110001001011
0000110111001011
0000110100001011
0000110101101011
0000110101011011
0000110101000011
0000110101001111
0000110101001001
0000110101001010
1000110110011100
0100110110011100
0010110110011100
0001110110011100
0000010110011100
0000100110011100
0000111110011100
0000110010011100
0000110100011100
0000110111011100
0000110110111100
0000110110001100
0000110110010100
0000110110011000
0000110110011110
0000110110011101
1000110110100111
0100110110100111
0010110110100111
0001110110100111
0000010110100111
0000100110100111
0000111110100111
0000110010100111
0000110100100111
0000110111100111
0000110110000111
0000110110110111
0000110110101111
0000110110100011
0000110110100101
0000110110100110
1011101100000000
0111101100000000
0001101100000000
0010101100000000
0011001100000000
0011111100000000
0011100100000000
0011101000000000
0011101110000000
0011101101000000
0011101100100000
0011101100010000
0011101100001000
0011101100000100
0011101100000010
0011101100000001
1011101100111011
0111101100111011
0001101100111011
0010101100111011
0011001100111011
0011111100111011
0011100100111011
0011101000111011
0011101110111011
0011101101111011
0011101100011011
0011101100101011
0011101100110011
0011101100111111
0011101100111001
0011101100111010
1011101111101100
0111101111101100
0001101111101100
0010101111101100
0011001111101100
0011111111101100
0011100111101100
0011101011101100
0011101101101100
0011101110101100
0011101111001100
0011101111111100
0011101111100100
0011101111101000
0011101111101110
0011101111101101
1011101111010111
0111101111010111
0001101111010111
0010101111010111
0011001111010111
0011111111010111
0011100111010111
0011101011010111
0011101101010111
0011101110010111
0011101111110111
0011101111000111
0011101111011111
0011101111010011
0011101111010101
0011101111010110
1011100010110000
0111100010110000
0001100010110000
0010100010110000
0011000010110000
0011110010110000
0011101010110000
0011100110110000
0011100000110000
0011100011110000
0011100010010000
0011100010100000
0011100010111000
0011100010110100
0011100010110010
0011100010110001
1011100010001011
0111100010001011
0001100010001011
0010100010001011
0011000010001011
0011110010001011
0011101010001011
0011100110001011
0011100000001011
0011100011001011
0011100010101011
0011100010011011
0011100010000011
0011100010001111
0011100010001001
0011100010001010
1011100001011100
0111100001011100
0001100001011100
0010100001011100
0011000001011100
0011110001011100
0011101001011100
0011100101011100
0011100011011100
0011100000011100
0011100001111100
0011100001001100
0011100001010100
0011100001011000
0011100001011110
0011100001011101
1011100001100111
0111100001100111
0001100001100111
0010100001100111
0011000001100111
0011110001100111
0011101001100111
0011100101100111
0011100011100111
0011100000100111
0011100001000111
0011100001110111
0011100001101111
0011100001100011
0011100001100101
0011100001100110
1011010111000000
0111010111000000
0001010111000000
0010010111000000
0011110111000000
0011000111000000
0011011111000000
0011010011000000
0011010101000000
0011010110000000
0011010111100000
0011010111010000
0011010111001000
0011010111000100
0011010111000010
0011010111000001
1011010111111011
0111010111111011
0001010111111011
0010010111111011
0011110111111011
0011000111111011
0011011111111011
0011010011111011
0011010101111011
0011010110111011
0011010111011011
0011010111101011
0011010111110011
0011010111111111
0011010111111001
0011010111111010
1011010100101100
0111010100101100
0001010100101100
0010010100101100
0011110100101100
0011000100101100
0011011100101100
0011010000101100
0011010110101100
0011010101101100
0011010100001100
0011010100111100
0011010100100100
0011010100101000
0011010100101110
0011010100101101
1011010100010111
0111010100010111
0001010100010111
0010010100010111
0011110100010111
0011000100010111
0011011100010111
0011010000010111
0011010110010111
0011010101010111
0011010100110111
0011010100000111
0011010100011111
0011010100010011
0011010100010101
0011010100010110
1011011001110000
0111011001110000
0001011001110000
0010011001110000
0011111001110000
0011001001110000
0011010001110000
0011011101110000
0011011011110000
0011011000110000
0011011001010000
0011011001100000
0011011001111000
0011011001110100
0011011001110010
0011011001110001
1011011001001011
0111011001001011
0001011001001011
0010011001001011
0011111001001011
0011001001001011
0011010001001011
0011011101001011
0011011011001011
0011011000001011
0011011001101011
0011011001011011
0011011001000011
0011011001001111
0011011001001001
0011011001001010
1011011010011100
0111011010011100
0001011010011100
0010011010011100
0011111010011100
0011001010011100
0011010010011100
0011011110011100
0011011000011100
0011011011011100
0011011010111100
0011011010001100
0011011010010100
0011011010011000
0011011010011110
0011011010011101
1011011010100111
0111011010100111
0001011010100111
0010011010100111
0011111010100111
0011001010100111
0011010010100111
0011011110100111
0011011000100111
0011011011100111
0011011010000111
0011011010110111
0011011010101111
0011011010100011
0011011010100101
0011011010100110
0110110000000000
1010110000000000
1100110000000000
1111110000000000
1110010000000000
1110100000000000
1110111000000000
1110110100000000
1110110010000000
1110110001000000
1110110000100000
1110110000010000
1110110000001000
1110110000000100
1110110000000010
1110110000000001
0110110000111011
1010110000111011
1100110000111011
1111110000111011
1110010000111011
1110100000111011
1110111000111011
1110110100111011
1110110010111011
1110110001111011
1110110000011011
1110110000101011
1110110000110011
1110110000111111
1110110000111001
1110110000111010
0110110011101100
1010110011101100
1100110011101100
1111110011101100
1110010011101100
1110100011101100
1110111011101100
1110110111101100
1110110001101100
1110110010101100
1110110011001100
1110110011111100
1110110011100100
1110110011101000
1110110011101110
1110110011101101
0110110011010111
1010110011010111
1100110011010111
1111110011010111
1110010011010111
1110100011010111
1110111011010111
1110110111010111
1110110001010111
1110110010010111
1110110011110111
1110110011000111
1110110011011111
1110110011010011
1110110011010101
1110110011010110
0110111110110000
1010111110110000
1100111110110000
1111111110110000
1110011110110000
1110101110110000
1110110110110000
1110111010110000
1110111100110000
1110111111110000
1110111110010000
1110111110100000
1110111110111000
1110111110110100
1110111110110010
1110111110110001
0110111110001011
1010111110001011
1100111110001011
1111111110001011
1110011110001011
1110101110001011
1110110110001011
1110111010001011
1110111100001011
1110111111001011
1110111110101011
1110111110011011
1110111110000011
1110111110001111
1110111110001001
1110111110001010
0110111101011100
1010111101011100
1100111101011100
1111111101011100
1110011101011100
1110101101011100
1110110101011100
1110111001011100
1110111111011100
1110111100011100
1110111101111100
1110111101001100
1110111101010100
1110111101011000
1110111101011110
1110111101011101
0110111101100111
1010111101100111
1100111101100111
1111111101100111
1110011101100111
1110101101100111
1110110101100111
1110111001100111
1110111111100111
1110111100100111
1110111101000111
1110111101110111
1110111101101111
1110111101100011
1110111101100101
1110111101100110
0110001011000000
1010001011000000
1100001011000000
1111001011000000
1110101011000000
1110011011000000
1110000011000000
1110001111000000
1110001001000000
1110001010000000
1110001011100000
1110001011010000
1110001011001000
1110001011000100
1110001011000010
1110001011000001
0110001011111011
1010001011111011
1100001011111011
1111001011111011
1110101011111011
1110011011111011
1110000011111011
1110001111111011
1110001001111011
1110001010111011
1110001011011011
1110001011101011
1110001011110011
1110001011111111
1110001011111001
1110001011111010
0110001000101100
1010001000101100
1100001000101100
1111001000101100
1110101000101100
1110011000101100
1110000000101100
1110001100101100
1110001010101100
1110001001101100
1110001000001100
1110001000111100
1110001000100100
1110001000101000
1110001000101110
1110001000101101
0110001000010111
1010001000010111
1100001000010111
1111001000010111
1110101000010111
1110011000010111
1110000000010111
1110001100010111
1110001010010111
1110001001010111
1110001000110111
1110001000000111
1110001000011111
1110001000010011
1110001000010101
1110001000010110
0110000101110000
1010000101110000
1100000101110000
1111000101110000
1110100101110000
1110010101110000
1110001101110000
1110000001110000
1110000111110000
1110000100110000
1110000101010000
1110000101100000
1110000101111000
1110000101110100
1110000101110010
1110000101110001
0110000101001011
1010000101001011
1100000101001011
1111000101001011
1110100101001011
1110010101001011
1110001101001011
1110000001001011
1110000111001011
1110000100001011
1110000101101011
1110000101011011
1110000101000011
1110000101001111
1110000101001001
1110000101001010
0110000110011100
1010000110011100
1100000110011100
1111000110011100
1110100110011100
1110010110011100
1110001110011100
1110000010011100
1110000100011100
1110000111011100
1110000110111100
1110000110001100
1110000110010100
1110000110011000
1110000110011110
1110000110011101
0110000110100111
1010000110100111
1100000110100111
1111000110100111
1110100110100111
1110010110100111
1110001110100111
1110000010100111
1110000100100111
1110000111100111
1110000110000111
1110000110110111
1110000110101111
1110000110100011
1110000110100101
1110000110100110
0101011100000000
1001011100000000
1111011100000000
1100011100000000
1101111100000000
1101001100000000
1101010100000000
1101011000000000
1101011110000000
1101011101000000
1101011100100000
1101011100010000
1101011100001000
1101011100000100
1101011100000010
1101011100000001
0101011100111011
1001011100111011
1111011100111011
1100011100111011
1101111100111011
1101001100111011
1101010100111011
1101011000111011
1101011110111011
1101011101111011
1101011100011011
1101011100101011
1101011100110011
1101011100111111
1101011100111001
1101011100111010
0101011111101100
1001011111101100
1111011111101100
1100011111101100
1101111111101100
1101001111101100
1101010111101100
1101011011101100
1101011101101100
1101011110101100
1101011111001100
1101011111111100
1101011111100100
1101011111101000
1101011111101110
1101011111101101
0101011111010111
1001011111010111
1111011111010111
1100011111010111
1101111111010111
1101001111010111
1101010111010111
1101011011010111
1101011101010111
1101011110010111
1101011111110111
1101011111000111
1101011111011111
1101011111010011
1101011111010101
1101011111010110
0101010010110000
1001010010110000
1111010010110000
1100010010110000
1101110010110000
1101000010110000
1101011010110000
1101010110110000
1101010000110000
1101010011110000
1101010010010000
1101010010100000
1101010010111000
1101010010110100
1101010010110010
1101010010110001
0101010010001011
1001010010001011
1111010010001011
1100010010001011
1101110010001011
1101000010001011
1101011010001011
1101010110001011
1101010000001011
1101010011001011
1101010010101011
1101010010011011
1101010010000011
1101010010001111
1101010010001001
1101010010001010
0101010001011100
1001010001011100
1111010001011100
1100010001011100
1101110001011100
1101000001011100
1101011001011100
1101010101011100
1101010011011100
1101010000011100
1101010001111100
1101010001001100
1101010001010100
1101010001011000
1101010001011110
1101010001011101
0101010001100111
1001010001100111
1111010001100111
1100010001100111
1101110001100111
1101000001100111
1101011001100111
1101010101100111
1101010011100111
1101010000100111
1101010001000111
1101010001110111
1101010001101111
1101010001100011
1101010001100101
1101010001100110
0101100111000000
1001100111000000
1111100111000000
1100100111000000
1101000111000000
1101110111000000
1101101111000000
1101100011000000
1101100101000000
1101100110000000
1101100111100000
1101100111010000
1101100111001000
1101100111000100
1101100111000010
1101100111000001
0101100111111011
1001100111111011
1111100111111011
1100100111111011
1101000111111011
1101110111111011
1101101111111011
1101100011111011
1101100101111011
1101100110111011
1101100111011011
1101100111101011
1101100111110011
1101100111111111
1101100111111001
1101100111111010
0101100100101100
1001100100101100
1111100100101100
1100100100101100
1101000100101100
1101110100101100
1101101100101100
1101100000101100
1101100110101100
1101100101101100
1101100100001100
1101100100111100
1101100100100100
1101100100101000
1101100100101110
1101100100101101
0101100100010111
1001100100010111
1111100100010111
1100100100010111
1101000100010111
1101110100010111
1101101100010111
1101100000010111
1101100110010111
1101100101010111
1101100100110111
1101100100000111
1101100100011111
1101100100010011
1101100100010101
1101100100010110
0101101001110000
1001101001110000
1111101001110000
1100101001110000
1101001001110000
1101111001110000
1101100001110000
1101101101110000
1101101011110000
1101101000110000
1101101001010000
1101101001100000
1101101001111000
1101101001110100
1101101001110010
1101101001110001
0101101001001011
1001101001001011
1111101001001011
1100101001001011
1101001001001011
1101111001001011
1101100001001011
1101101101001011
1101101011001011
1101101000001011
1101101001101011
1101101001011011
1101101001000011
1101101001001111
1101101001001001
1101101001001010
0101101010011100
1001101010011100
1111101010011100
1100101010011100
1101001010011100
1101111010011100
1101100010011100
1101101110011100
1101101000011100
1101101011011100
1101101010111100
1101101010001100
1101101010010100
1101101010011000
1101101010011110
1101101010011101
0101101010100111
1001101010100111
1111101010100111
1100101010100111
1101001010100111
1101111010100111
1101100010100111
1101101110100111
1101101000100111
1101101011100111
1101101010000111
1101101010110111
1101101010101111
1101101010100011
1101101010100101
1101101010100110
1101101010100110