00000000
00000000
00000000
00000000
00000000
00000000
00000000
00000000
00000000
00000000
00000000
00000000
00000000
00000000
00000000
00000000
00000100
00000100
00000100
00000100
00000100
00000100
00000100
00000100
00000100
00000100
00000100
00000100
00000100
00000100
00000100
00000100
00001000
00001000
00001000
00001000
00001000
00001000
00001000
00001000
00001000
00001000
00001000
00001000
00001000
00001000
00001000
00001000
00001100
00001100
00001100
00001100
00001100
00001100
00001100
00001100
00001100
00001100
00001100
00001100
00001100
00001100
00001100
00001100
00010000
00010000
00010000
00010000
00010000
00010000
00010000
00010000
00010000
00010000
00010000
00010000
00010000
00010000
00010000
00010000
00010100
00010100
00010100
00010100
00010100
00010100
00010100
00010100
00010100
00010100
00010100
00010100
00010100
00010100
00010100
00010100
00011000
00011000
00011000
00011000
00011000
00011000
00011000
00011000
00011000
00011000
00011000
00011000
00011000
00011000
00011000
00011000
00011100
00011100
00011100
00011100
00011100
00011100
00011100
00011100
00011100
00011100
00011100
00011100
00011100
00011100
00011100
00011100
00100000
00100000
00100000
00100000
00100000
00100000
00100000
00100000
00100000
00100000
00100000
00100000
00100000
00100000
00100000
00100000
00100100
00100100
00100100
00100100
00100100
00100100
00100100
00100100
00100100
00100100
00100100
00100100
00100100
00100100
00100100
00100100
00101000
00101000
00101000
00101000
00101000
00101000
00101000
00101000
00101000
00101000
00101000
00101000
00101000
00101000
00101000
00101000
00101100
00101100
00101100
00101100
00101100
00101100
00101100
00101100
00101100
00101100
00101100
00101100
00101100
00101100
00101100
00101100
00110000
00110000
00110000
00110000
00110000
00110000
00110000
00110000
00110000
00110000
00110000
00110000
00110000
00110000
00110000
00110000
00110100
00110100
00110100
00110100
00110100
00110100
00110100
00110100
00110100
00110100
00110100
00110100
00110100
00110100
00110100
00110100
00111000
00111000
00111000
00111000
00111000
00111000
00111000
00111000
00111000
00111000
00111000
00111000
00111000
00111000
00111000
00111000
00111100
00111100
00111100
00111100
00111100
00111100
00111100
00111100
00111100
00111100
00111100
00111100
00111100
00111100
00111100
00111100
01000000
01000000
01000000
01000000
01000000
01000000
01000000
01000000
01000000
01000000
01000000
01000000
01000000
01000000
01000000
01000000
01000100
01000100
01000100
01000100
01000100
01000100
01000100
01000100
01000100
01000100
01000100
01000100
01000100
01000100
01000100
01000100
01001000
01001000
01001000
01001000
01001000
01001000
01001000
01001000
01001000
01001000
01001000
01001000
01001000
01001000
01001000
01001000
01001100
01001100
01001100
01001100
01001100
01001100
01001100
01001100
01001100
01001100
01001100
01001100
01001100
01001100
01001100
01001100
01010000
01010000
01010000
01010000
01010000
01010000
01010000
01010000
01010000
01010000
01010000
01010000
01010000
01010000
01010000
01010000
01010100
01010100
01010100
01010100
01010100
01010100
01010100
01010100
01010100
01010100
01010100
01010100
01010100
01010100
01010100
01010100
01011000
01011000
01011000
01011000
01011000
01011000
01011000
01011000
01011000
01011000
01011000
01011000
01011000
01011000
01011000
01011000
01011100
01011100
01011100
01011100
01011100
01011100
01011100
01011100
01011100
01011100
01011100
01011100
01011100
01011100
01011100
01011100
01100000
01100000
01100000
01100000
01100000
01100000
01100000
01100000
01100000
01100000
01100000
01100000
01100000
01100000
01100000
01100000
01100100
01100100
01100100
01100100
01100100
01100100
01100100
01100100
01100100
01100100
01100100
01100100
01100100
01100100
01100100
01100100
01101000
01101000
01101000
01101000
01101000
01101000
01101000
01101000
01101000
01101000
01101000
01101000
01101000
01101000
01101000
01101000
01101100
01101100
01101100
01101100
01101100
01101100
01101100
01101100
01101100
01101100
01101100
01101100
01101100
01101100
01101100
01101100
01110000
01110000
01110000
01110000
01110000
01110000
01110000
01110000
01110000
01110000
01110000
01110000
01110000
01110000
01110000
01110000
01110100
01110100
01110100
01110100
01110100
01110100
01110100
01110100
01110100
01110100
01110100
01110100
01110100
01110100
01110100
01110100
01111000
01111000
01111000
01111000
01111000
01111000
01111000
01111000
01111000
01111000
01111000
01111000
01111000
01111000
01111000
01111000
01111100
01111100
01111100
01111100
01111100
01111100
01111100
01111100
01111100
01111100
01111100
01111100
01111100
01111100
01111100
01111100
10000000
10000000
10000000
10000000
10000000
10000000
10000000
10000000
10000000
10000000
10000000
10000000
10000000
10000000
10000000
10000000
10000100
10000100
10000100
10000100
10000100
10000100
10000100
10000100
10000100
10000100
10000100
10000100
10000100
10000100
10000100
10000100
10001000
10001000
10001000
10001000
10001000
10001000
10001000
10001000
10001000
10001000
10001000
10001000
10001000
10001000
10001000
10001000
10001100
10001100
10001100
10001100
10001100
10001100
10001100
10001100
10001100
10001100
10001100
10001100
10001100
10001100
10001100
10001100
10010000
10010000
10010000
10010000
10010000
10010000
10010000
10010000
10010000
10010000
10010000
10010000
10010000
10010000
10010000
10010000
10010100
10010100
10010100
10010100
10010100
10010100
10010100
10010100
10010100
10010100
10010100
10010100
10010100
10010100
10010100
10010100
10011000
10011000
10011000
10011000
10011000
10011000
10011000
10011000
10011000
10011000
10011000
10011000
10011000
10011000
10011000
10011000
10011100
10011100
10011100
10011100
10011100
10011100
10011100
10011100
10011100
10011100
10011100
10011100
10011100
10011100
10011100
10011100
10100000
10100000
10100000
10100000
10100000
10100000
10100000
10100000
10100000
10100000
10100000
10100000
10100000
10100000
10100000
10100000
10100100
10100100
10100100
10100100
10100100
10100100
10100100
10100100
10100100
10100100
10100100
10100100
10100100
10100100
10100100
10100100
10101000
10101000
10101000
10101000
10101000
10101000
10101000
10101000
10101000
10101000
10101000
10101000
10101000
10101000
10101000
10101000
10101100
10101100
10101100
10101100
10101100
10101100
10101100
10101100
10101100
10101100
10101100
10101100
10101100
10101100
10101100
10101100
10110000
10110000
10110000
10110000
10110000
10110000
10110000
10110000
10110000
10110000
10110000
10110000
10110000
10110000
10110000
10110000
10110100
10110100
10110100
10110100
10110100
10110100
10110100
10110100
10110100
10110100
10110100
10110100
10110100
10110100
10110100
10110100
10111000
10111000
10111000
10111000
10111000
10111000
10111000
10111000
10111000
10111000
10111000
10111000
10111000
10111000
10111000
10111000
10111100
10111100
10111100
10111100
10111100
10111100
10111100
10111100
10111100
10111100
10111100
10111100
10111100
10111100
10111100
10111100
11000000
11000000
11000000
11000000
11000000
11000000
11000000
11000000
11000000
11000000
11000000
11000000
11000000
11000000
11000000
11000000
11000100
11000100
11000100
11000100
11000100
11000100
11000100
11000100
11000100
11000100
11000100
11000100
11000100
11000100
11000100
11000100
11001000
11001000
11001000
11001000
11001000
11001000
11001000
11001000
11001000
11001000
11001000
11001000
11001000
11001000
11001000
11001000
11001100
11001100
11001100
11001100
11001100
11001100
11001100
11001100
11001100
11001100
11001100
11001100
11001100
11001100
11001100
11001100
11010000
11010000
11010000
11010000
11010000
11010000
11010000
11010000
11010000
11010000
11010000
11010000
11010000
11010000
11010000
11010000
11010100
11010100
11010100
11010100
11010100
11010100
11010100
11010100
11010100
11010100
11010100
11010100
11010100
11010100
11010100
11010100
11011000
11011000
11011000
11011000
11011000
11011000
11011000
11011000
11011000
11011000
11011000
11011000
11011000
11011000
11011000
11011000
11011100
11011100
11011100
11011100
11011100
11011100
11011100
11011100
11011100
11011100
11011100
11011100
11011100
11011100
11011100
11011100
11100000
11100000
11100000
11100000
11100000
11100000
11100000
11100000
11100000
11100000
11100000
11100000
11100000
11100000
11100000
11100000
11100100
11100100
11100100
11100100
11100100
11100100
11100100
11100100
11100100
11100100
11100100
11100100
11100100
11100100
11100100
11100100
11101000
11101000
11101000
11101000
11101000
11101000
11101000
11101000
11101000
11101000
11101000
11101000
11101000
11101000
11101000
11101000
11101100
11101100
11101100
11101100
11101100
11101100
11101100
11101100
11101100
11101100
11101100
11101100
11101100
11101100
11101100
11101100
11110000
11110000
11110000
11110000
11110000
11110000
11110000
11110000
11110000
11110000
11110000
11110000
11110000
11110000
11110000
11110000
11110100
11110100
11110100
11110100
11110100
11110100
11110100
11110100
11110100
11110100
11110100
11110100
11110100
11110100
11110100
11110100
11111000
11111000
11111000
11111000
11111000
11111000
11111000
11111000
11111000
11111000
11111000
11111000
11111000
11111000
11111000
11111000
11111100
11111100
11111100
11111100
11111100
11111100
11111100
11111100
11111100
11111100
11111100
11111100
11111100
11111100
11111100
11111100
11111100
